np.transpose(input_C)
 [[-0.         -0.         -0.         -0.         -0.         -0.          0.13888889  2.36111111  0.55555556]
 [-0.         -0.         -0.         -0.         -0.         -0.           -1.80555556 -0.69444444  0.27777778]
 [-0.         -0.         -0.         -0.          5.         -0.           0.13888889  2.36111111  0.55555556]
 [ 0.8         0.         -0.4         1.          0.          0.           0.94444444  0.05555556 -0.22222222]
 [ 0.          1.          0.          0.          1.          0.           0.05555556  0.94444444  0.22222222]
 [-0.4         0.          0.2         0.          0.          0.           -0.22222222  0.22222222  0.11111111]] 
 ---------------------------
np.matmul(input_Q, np.matmul(input_C, input_P)) 
 [[   0.            0.            0.          800.            0.            -400.        ]
 [   0.            0.            0.            0.         1000.                0.        ]
 [   0.            0.            0.         -400.            0.              200.        ]
 [   0.            0.            0.         1000.            0.                0.        ]
 [   0.            0.           50.            0.         1000.                0.        ]
 [   0.            0.            0.            0.            0.                0.        ]
 [   1.38888889  -18.05555556    1.38888889  944.44444444   55.55555556     -222.22222222]
 [  23.61111111   -6.94444444   23.61111111   55.55555556  944.44444444      222.22222222]
 [   5.55555556    2.77777778    5.55555556 -222.22222222  222.22222222      111.11111111]] 
 ---------------------------
np.matmul(np.transpose(input_C), np.matmul(input_Q, np.matmul(input_C, input_P))) 
 [[ 5.90277778e+01 -1.73611111e+01  5.90277778e+01  1.38888889e+02  2.36111111e+03  5.55555556e+02]
 [-1.73611111e+01  3.81944444e+01 -1.73611111e+01 -1.80555556e+03   -6.94444444e+02  2.77777778e+02]
 [ 5.90277778e+01 -1.73611111e+01  3.09027778e+02  1.38888889e+02   7.36111111e+03  5.55555556e+02]
 [ 1.38888889e+00 -1.80555556e+01  1.38888889e+00  2.74444444e+03   5.55555556e+01 -6.22222222e+02]
 [ 2.36111111e+01 -6.94444444e+00  7.36111111e+01  5.55555556e+01   2.94444444e+03  2.22222222e+02]
 [ 5.55555556e+00  2.77777778e+00  5.55555556e+00 -6.22222222e+02   2.22222222e+02  3.11111111e+02]] 
 ---------------------------